DefaultBGI.png

0.5, 0
0.5, 0
0.5, 0
0.5, 0
0.5, 0
0.5, 0
0.5, 0
0.5, 0

0.5, 0.25

1
0.5, 0.125
0.7
2

1
0.4, 0.3
0.2
0.1

1
0.6, 0.3
0.2
0.1

0
1, 0.5
0.5
0.4

0
1, 0.5
0.5
0.4

0
1, 0.5
0.5
0.4

0
1, 0.5
0.5
0.4

0
1, 0.5
0.5
0.4

0
1, 0.5
0.5
0.4

0
1, 0.5
0.5
0.4

0
1, 0.5
0.5
0.4

0
1, 0.5
0.5
0.4

0
1, 0.5
0.5
0.4

0
1, 0.5
0.5
0.4

0
1, 0.5
0.5
0.4

0
1, 0.5
0.5
0.4

0
1, 0.5
0.5
0.4

0
1, 0.5
0.5
0.4

0
1, 0.5
0.5
0.4

0
1, 0.5
0.5
0.4

0
1, 0.5
0.5
0.4

0
1, 0.5
0.5
0.4

0
1, 0.5
0.5
0.4

0
1, 0.5
0.5
0.4

0
1, 0.5
0.5
0.4

0
1, 0.5
0.5
0.4

0
1, 0.5
0.5
0.4

0
1, 0.5
0.5
0.4

0
1, 0.5
0.5
0.4

0
1, 0.5
0.5
0.4

0
1, 0.5
0.5
0.4

0
1, 0.5
0.5
0.4

0
1, 0.5
0.5
0.4

0
1, 0.5
0.5
0.4

0
1, 0.5
0.5
0.4

0
1, 0.5
0.5
0.4