DefaultBGI.png

0.5, 1
0.4, 0.6
0.6, 0.4
0.5, 1
0.5, 1
0.5, 1
0.5, 1
0.5, 1

0.5, 0

1
0, 0
1.2
10

1
1, 0
1.2
10

1
0, 1
1.2
10

1
1, 1
1.2
10

0
1, 0.5
0.5
0.4

0
1, 0.5
0.5
0.4

0
1, 0.5
0.5
0.4

0
1, 0.5
0.5
0.4

0
1, 0.5
0.5
0.4

0
1, 0.5
0.5
0.4

0
1, 0.5
0.5
0.4

0
1, 0.5
0.5
0.4

0
1, 0.5
0.5
0.4

0
1, 0.5
0.5
0.4

0
1, 0.5
0.5
0.4

0
1, 0.5
0.5
0.4

0
1, 0.5
0.5
0.4

0
1, 0.5
0.5
0.4

0
1, 0.5
0.5
0.4

0
1, 0.5
0.5
0.4

0
1, 0.5
0.5
0.4

0
1, 0.5
0.5
0.4

0
1, 0.5
0.5
0.4

0
1, 0.5
0.5
0.4

0
1, 0.5
0.5
0.4

0
1, 0.5
0.5
0.4

0
1, 0.5
0.5
0.4

0
1, 0.5
0.5
0.4

0
1, 0.5
0.5
0.4

0
1, 0.5
0.5
0.4

0
1, 0.5
0.5
0.4

0
1, 0.5
0.5
0.4

0
1, 0.5
0.5
0.4

0
1, 0.5
0.5
0.4

0
1, 0.5
0.5
0.4

0
1, 0.5
0.5
0.4