DefaultBGI.png

0.5, 1
0.5, 0
1, 0.5
0, 0.5
0.6, 0.6
0.5, 1
0.5, 1
0.5, 1

0.5, 0.5

1
0.35, 0.5
0.2
0.8

1
0.65, 0.5
0.2
0.8

1
0.5, 0.35
0.2
0.8

1
0.5, 0.65
0.2
0.8

1
0.39, 0.39
0.2
0.8

1
0.61, 0.39
0.2
0.8

1
0.39, 0.61
0.2
0.8

1
0.61, 0.61
0.2
0.8

0
1, 0.5
0.5
0.4

0
1, 0.5
0.5
0.4

0
1, 0.5
0.5
0.4

0
1, 0.5
0.5
0.4

0
1, 0.5
0.5
0.4

0
1, 0.5
0.5
0.4

0
1, 0.5
0.5
0.4

0
1, 0.5
0.5
0.4

0
1, 0.5
0.5
0.4

0
1, 0.5
0.5
0.4

0
1, 0.5
0.5
0.4

0
1, 0.5
0.5
0.4

0
1, 0.5
0.5
0.4

0
1, 0.5
0.5
0.4

0
1, 0.5
0.5
0.4

0
1, 0.5
0.5
0.4

0
1, 0.5
0.5
0.4

0
1, 0.5
0.5
0.4

0
1, 0.5
0.5
0.4

0
1, 0.5
0.5
0.4

0
1, 0.5
0.5
0.4

0
1, 0.5
0.5
0.4

0
1, 0.5
0.5
0.4

0
1, 0.5
0.5
0.4

0
1, 0.5
0.5
0.4

0
1, 0.5
0.5
0.4

0
1, 0.5
0.5
0.4

0
1, 0.5
0.5
0.4