DefaultBGI.png

0.5, 1
0.5, 0.5
0.5, 0
0.5, 1
0.5, 1
0.5, 1
0.5, 1
0.5, 1

0.5, 0

1
0.25, 0.25
1
1.2

1
0.75, 0.75
1
1.2

0
1, 0.5
0.5
0.4

0
1, 0.5
0.5
0.4

0
1, 0.5
0.5
0.4

0
1, 0.5
0.5
0.4

0
1, 0.5
0.5
0.4

0
1, 0.5
0.5
0.4

0
1, 0.5
0.5
0.4

0
1, 0.5
0.5
0.4

0
1, 0.5
0.5
0.4

0
1, 0.5
0.5
0.4

0
1, 0.5
0.5
0.4

0
1, 0.5
0.5
0.4

0
1, 0.5
0.5
0.4

0
1, 0.5
0.5
0.4

0
1, 0.5
0.5
0.4

0
1, 0.5
0.5
0.4

0
1, 0.5
0.5
0.4

0
1, 0.5
0.5
0.4

0
1, 0.5
0.5
0.4

0
1, 0.5
0.5
0.4

0
1, 0.5
0.5
0.4

0
1, 0.5
0.5
0.4

0
1, 0.5
0.5
0.4

0
1, 0.5
0.5
0.4

0
1, 0.5
0.5
0.4

0
1, 0.5
0.5
0.4

0
1, 0.5
0.5
0.4

0
1, 0.5
0.5
0.4

0
1, 0.5
0.5
0.4

0
1, 0.5
0.5
0.4

0
1, 0.5
0.5
0.4

0
1, 0.5
0.5
0.4

0
1, 0.5
0.5
0.4

0
1, 0.5
0.5
0.4