DefaultBGI.png

0.5, 1
0.5, 0
0.5, 0.495
0.5, 0.29
0.5, 0.195
0.5, 0.125
0.5, 0.08
0.5, 1

0.5, 0

1
0.35, 0.1
1
4.5

1
0.65, 0.1
1
4.5

0
1, 0.5
0.5
0.4

0
1, 0.5
0.5
0.4

0
1, 0.5
0.5
0.4

0
1, 0.5
0.5
0.4

0
1, 0.5
0.5
0.4

0
1, 0.5
0.5
0.4

0
1, 0.5
0.5
0.4

0
1, 0.5
0.5
0.4

0
1, 0.5
0.5
0.4

0
1, 0.5
0.5
0.4

0
1, 0.5
0.5
0.4

0
1, 0.5
0.5
0.4

0
1, 0.5
0.5
0.4

0
1, 0.5
0.5
0.4

0
1, 0.5
0.5
0.4

0
1, 0.5
0.5
0.4

0
1, 0.5
0.5
0.4

0
1, 0.5
0.5
0.4

0
1, 0.5
0.5
0.4

0
1, 0.5
0.5
0.4

0
1, 0.5
0.5
0.4

0
1, 0.5
0.5
0.4

0
1, 0.5
0.5
0.4

0
1, 0.5
0.5
0.4

0
1, 0.5
0.5
0.4

0
1, 0.5
0.5
0.4

0
1, 0.5
0.5
0.4

0
1, 0.5
0.5
0.4

0
1, 0.5
0.5
0.4

0
1, 0.5
0.5
0.4

0
1, 0.5
0.5
0.4

0
1, 0.5
0.5
0.4

0
1, 0.5
0.5
0.4

0
1, 0.5
0.5
0.4